231.43250719779675 -402.7982780523888 -6.172428858803749 -117.83109015382178 -65.56210370789742 -104.98609541736968 -180.93998816399028 -96.75276954346994 -211.11730986318034 134.41345029817197 139.92107270015782 61.976864684274545 -17.544165576378788 -22.834439309347356 8.734855391817392 -716.5245667146496 -218.55352796757788 -272.54051339194615 -422.82062301827364 -130.42529854302362 -3024.7954419312123 -542.5960766921695 -106.90212017557567
-402.7982780523888 126479.80072207835 17085.316086799867 1953.6810127500344 1599.8458932411286 1256.7004382481562 149.7286726511206 -908.5969583158889 826.3963567098837 -2977.9364045357256 -3967.316375627596 -2090.009196866048 71.41298072937279 620.2725604780264 -456.3691708759897 4673.628180151505 1077.2461613414218 -655.0406403231999 2339.5399731286316 -214.37526277733923 8147.180526301463 -1232.9019329559694 2263.1043167223893
-6.172428858803749 17085.316086799867 3406.1768807659646 274.7873032598256 176.98266070964104 187.8349565108442 -550.0682172106702 -912.0923829066182 -235.4600389226945 -650.8608638369443 -1058.53871184705 -315.9612245277764 -26.50899669720965 159.7581112113447 -120.18579088472269 151.9563827597634 -404.0761209842892 -574.9875495153117 35.948675508912224 -235.5745820831964 -2539.489301698283 -1139.9752966085623 376.2520492023786
-117.83109015382178 1953.6810127500344 274.7873032598256 483.79558792731376 491.4052491277258 264.8962973511356 886.55219660507 904.9473821196744 567.3051257238659 -309.87646621084434 -165.97958819872895 -446.0246819585749 83.23779816283067 205.90775406687357 -130.4662407138699 3413.7290886667306 918.5893405363614 1113.5885614875233 2049.560453566071 577.4201434901771 12963.148660092931 2229.2006277603027 611.3735389218709
-65.56210370789742 1599.8458932411286 176.98266070964104 491.4052491277258 733.9322214603873 210.5804429370233 959.6109341103875 1259.237583674562 526.8411301742648 -295.3805111501337 -43.392719445016404 -669.1111076339323 115.74117866372542 269.81040163869557 -166.96784118107928 4830.879041468208 1301.7097662272397 1596.9276746253843 2890.9463391988415 813.2313424727097 18794.33677992863 3197.87959490446 870.1564459692162
-104.98609541736968 1256.7004382481562 187.8349565108442 264.8962973511356 210.5804429370233 230.0690953721599 436.79365825214757 367.2440522757609 432.2286230611337 -278.59706421896726 -282.4696625839614 -202.47616657157482 38.33288672267358 99.2396706017071 -62.78869695420414 1575.6316708464058 423.90190328649254 501.0586515607676 944.2104353822795 262.1801148848842 5902.87941168033 1002.870106942084 285.08601831564823
-180.93998816399028 149.7286726511206 -550.0682172106702 886.55219660507 959.6109341103875 436.79365825214757 2219.782935430844 2446.2776808099134 1326.3518774989896 -281.23301498596334 240.81267700588566 -802.1926720635796 180.95548517426192 351.83517538426315 -218.72852835571578 6794.124934255504 2076.531974845717 2434.259463826266 4083.9866621538063 1233.8987996394128 26774.35085521966 4870.77554776793 1103.9336934685487
-96.75276954346994 -908.5969583158889 -912.0923829066182 904.9473821196744 1259.237583674562 367.2440522757609 2446.2776808099134 3325.680326500739 1278.6388248482317 -206.66999055050968 576.0073661093229 -1068.0754193552857 228.8889072386123 453.01496286342797 -287.167719120116 8559.478427820595 2571.495272608465 3081.9412508862097 5140.725690065717 1569.084731725899 33674.72339868896 6169.057880569926 1460.0636946631437
-211.11730986318034 826.3963567098837 -235.4600389226945 567.3051257238659 526.8411301742648 432.2286230611337 1326.3518774989896 1278.6388248482317 1262.7815755240217 -484.0249535890658 -279.69074214554996 -463.0347758626837 106.32263045605649 177.91546680684203 -101.58256007544436 3994.460836284762 1298.8870597206658 1431.7220653311483 2384.403964680785 706.0989355293982 15958.099727712031 2862.967997931559 632.5043278916418
134.41345029817197 -2977.9364045357256 -650.8608638369443 -309.87646621084434 -295.3805111501337 -278.59706421896726 -281.23301498596334 -206.66999055050968 -484.0249535890658 598.5011676574871 611.7289492887302 339.8522896279101 -41.85557367685522 -125.04580174362353 76.19676975441223 -2019.9752183262403 -469.7570787272635 -570.7475050970277 -1193.5089363254485 -292.1079011176226 -7420.2073887332435 -1143.7247523002063 -452.2199829786508
139.92107270015782 -3967.316375627596 -1058.53871184705 -165.97958819872895 -43.392719445016404 -282.4696625839614 240.81267700588566 576.0073661093229 -279.69074214554996 611.7289492887302 979.6597725336957 122.06325280799159 3.869747076530944 -59.81018413157131 36.39750569871039 -389.9215623373242 63.481351338244735 62.498524717263365 -217.44305309455697 19.35891798527057 -821.4362445509624 124.62818214373112 -177.32303986059432
61.976864684274545 -2090.009196866048 -315.9612245277764 -446.0246819585749 -669.1111076339323 -202.47616657157482 -802.1926720635796 -1068.0754193552857 -463.0347758626837 339.8522896279101 122.06325280799159 666.3289617440843 -101.4275122333327 -270.40753729683803 171.071048485994 -4372.968334645405 -1110.0959337142694 -1381.9580891711926 -2616.474034982792 -714.6435943992244 -16602.173794344595 -2768.4893444691666 -836.9748497213631
-17.544165576378788 71.41298072937279 -26.50899669720965 83.23779816283067 115.74117866372542 38.33288672267358 180.95548517426192 228.8889072386123 106.32263045605649 -41.85557367685522 3.869747076530944 -101.4275122333327 33.209858653035454 46.96610613629187 -26.499790451828094 1050.0252724888014 420.04009859526303 377.9670956397618 629.3602133602083 192.3687040219051 4353.6513181581195 754.57412679728 160.9388285799425
-22.834439309347356 620.2725604780264 159.7581112113447 205.90775406687357 269.81040163869557 99.2396706017071 351.83517538426315 453.01496286342797 177.91546680684203 -125.04580174362353 -59.81018413157131 -270.40753729683803 46.96610613629187 462.4602143642812 -328.89120132186645 3282.538900701426 371.60719675135147 -19.13458707396761 1747.430252549165 116.37983992286838 6865.1601919245795 -42.082062980913925 529.2189542414619
8.734855391817392 -456.3691708759897 -120.18579088472269 -130.4662407138699 -166.96784118107928 -62.78869695420414 -218.72852835571578 -287.167719120116 -101.58256007544436 76.19676975441223 36.39750569871039 171.071048485994 -26.499790451828094 -328.89120132186645 255.58552414875146 -2108.704434574325 -169.6826178251764 201.33871421024946 -1077.8725814757154 -14.958244353936738 -3624.662449700181 399.0379767674173 -349.76186244622266
-716.5245667146496 4673.628180151505 151.9563827597634 3413.7290886667306 4830.879041468208 1575.6316708464058 6794.124934255504 8559.478427820595 3994.460836284762 -2019.9752183262403 -389.9215623373242 -4372.968334645405 1050.0252724888014 3282.538900701426 -2108.704434574325 50570.82635455536 12163.593885581624 11608.016950862786 28370.704221236345 6053.377652394496 173483.81192614237 23174.78337200987 7535.715661361514
-218.55352796757788 1077.2461613414218 -404.0761209842892 918.5893405363614 1301.7097662272397 423.90190328649254 2076.531974845717 2571.495272608465 1298.8870597206658 -469.7570787272635 63.481351338244735 -1110.0959337142694 420.04009859526303 371.60719675135147 -169.6826178251764 12163.593885581624 6338.246594694078 4574.504489960997 7213.150271937743 2239.2260647479998 52832.21208758181 9133.743214609824 1788.7631942666678
-272.54051339194615 -655.0406403231999 -574.9875495153117 1113.5885614875233 1596.9276746253843 501.0586515607676 2434.259463826266 3081.9412508862097 1431.7220653311483 -570.7475050970277 62.498524717263365 -1381.9580891711926 377.9670956397618 -19.13458707396761 201.33871421024946 11608.016950862786 4574.504489960997 7739.631116940667 7605.404946284867 3304.5214697592937 62152.28332155999 15461.523761478393 1784.8769251235817
-422.82062301827364 2339.5399731286316 35.948675508912224 2049.560453566071 2890.9463391988415 944.2104353822795 4083.9866621538063 5140.725690065717 2384.403964680785 -1193.5089363254485 -217.44305309455697 -2616.474034982792 629.3602133602083 1747.430252549165 -1077.8725814757154 28370.704221236345 7213.150271937743 7605.404946284867 16559.06431958554 3997.6932166244915 102898.98282336192 15181.673812710691 4331.02957621323
-130.42529854302362 -214.37526277733923 -235.5745820831964 577.4201434901771 813.2313424727097 262.1801148848842 1233.8987996394128 1569.084731725899 706.0989355293982 -292.1079011176226 19.35891798527057 -714.6435943992244 192.3687040219051 116.37983992286838 -14.958244353936738 6053.377652394496 2239.2260647479998 3304.5214697592937 3997.6932166244915 1654.8126404245202 30952.742825258396 6598.944694200728 1012.2760502071044
-3024.7954419312123 8147.180526301463 -2539.489301698283 12963.148660092931 18794.33677992863 5902.87941168033 26774.35085521966 33674.72339868896 15958.099727712031 -7420.2073887332435 -821.4362445509624 -16602.173794344595 4353.6513181581195 6865.1601919245795 -3624.662449700181 173483.81192614237 52832.21208758181 62152.28332155999 102898.98282336192 30952.742825258396 736713.4279085272 124180.807789327 26925.01210349856
-542.5960766921695 -1232.9019329559694 -1139.9752966085623 2229.2006277603027 3197.87959490446 1002.870106942084 4870.77554776793 6169.057880569926 2862.967997931559 -1143.7247523002063 124.62818214373112 -2768.4893444691666 754.57412679728 -42.082062980913925 399.0379767674173 23174.78337200987 9133.743214609824 15461.523761478393 15181.673812710691 6598.944694200728 124180.807789327 30896.56240540458 3570.0588529201013
-106.90212017557567 2263.1043167223893 376.2520492023786 611.3735389218709 870.1564459692162 285.08601831564823 1103.9336934685487 1460.0636946631437 632.5043278916418 -452.2199829786508 -177.32303986059432 -836.9748497213631 160.9388285799425 529.2189542414619 -349.76186244622266 7535.715661361514 1788.7631942666678 1784.8769251235817 4331.02957621323 1012.2760502071044 26925.01210349856 3570.0588529201013 5064.117445263256
